2016 01 01 05 16
2016 01 01 11 26
2016 01 01 21 53
2016 01 02 00 53
2016 01 02 03 10
2016 01 03 00 23
2016 01 03 09 22
2016 01 03 10 12
2016 01 03 18 16
2016 01 04 16 32
2016 01 04 16 51
2016 01 04 18 12
2016 01 05 02 15
2016 01 05 06 01
2016 01 05 08 40
2016 01 05 09 51
2016 01 05 21 26
2016 01 05 23 34
2016 01 06 08 17
2016 01 08 04 32
2016 01 08 15 50
2016 01 09 00 36
2016 01 10 01 19
2016 01 10 01 43
2016 01 10 02 28
2016 01 10 08 56
2016 01 10 09 50
2016 01 10 10 56
2016 01 10 15 50
2016 01 11 05 16
2016 01 12 01 09
2016 01 12 13 03
2016 01 12 23 11
2016 01 12 23 31
2016 01 13 08 50
2016 01 13 10 02
2016 01 15 12 18
2016 01 15 16 22
2016 01 15 19 56
2016 01 16 07 36
2016 01 16 21 38
2016 01 16 22 37
2016 01 16 23 23
2016 01 17 11 43
2016 01 17 14 17
2016 01 17 23 20
2016 01 18 05 34
2016 01 18 13 39
2016 01 18 20 03
2016 01 19 03 50
2016 01 19 12 21
2016 01 19 16 41
2016 01 20 00 47
2016 01 20 01 36
2016 01 20 05 20
2016 01 21 01 39
2016 01 21 11 04
2016 01 22 05 21
2016 01 22 09 01
2016 01 22 15 20
2016 01 23 05 38
2016 01 23 22 47
2016 01 24 00 22
2016 01 24 06 47
2016 01 24 13 02
2016 01 25 03 47
2016 01 25 07 04
2016 01 25 14 59
2016 01 26 04 09
2016 01 26 15 26
2016 01 26 15 48
2016 01 26 18 42
2016 01 26 21 27
2016 01 27 02 59
2016 01 27 08 48
2016 01 27 21 07
2016 01 28 01 40
2016 01 28 07 48
2016 01 28 15 07
2016 01 28 18 33
2016 02 02 00 52
2016 02 02 02 54
2016 02 02 17 26
2016 02 02 19 22
2016 02 02 22 39
2016 02 03 01 44
2016 02 03 02 25
2016 02 03 04 40
2016 02 03 14 20
2016 02 03 18 27
2016 02 04 08 24
2016 02 04 20 56
2016 02 04 23 18
2016 02 05 18 04
2016 02 06 08 26
2016 02 06 23 53
2016 02 07 02 13
2016 02 07 17 52
2016 02 07 18 40
2016 02 08 20 53
2016 02 10 01 00
2016 02 11 12 09
2016 02 11 15 01
2016 02 11 18 18
2016 02 12 09 04
2016 02 12 09 05
2016 02 12 11 32
2016 02 12 11 49
2016 02 13 18 31
2016 02 13 18 43
2016 02 14 03 29
2016 02 14 07 18
2016 02 14 10 21
2016 02 14 12 26
2016 02 14 12 34
2016 02 14 17 14
2016 02 14 18 53
2016 02 15 01 49
2016 02 15 13 45
2016 02 15 18 08
2016 02 16 00 06
2016 02 16 00 15
2016 02 16 06 45
2016 02 16 20 38
2016 02 16 23 26
2016 02 17 00 06
2016 02 17 13 51
2016 02 17 19 26
2016 02 18 04 19
2016 02 18 08 54
2016 02 18 09 04
2016 02 18 18 19
2016 02 19 00 17
2016 02 19 20 39
2016 02 19 22 06
2016 02 20 01 54
2016 02 20 07 04
2016 02 20 08 43
2016 02 21 01 50
2016 02 21 15 04
2016 02 22 16 35
2016 02 22 21 31
2016 02 23 20 11
2016 02 24 05 31
2016 02 24 09 11
2016 02 24 10 56
2016 02 24 16 50
2016 02 24 21 33
2016 02 24 21 41
2016 02 24 22 05
2016 02 24 22 34
2016 02 25 01 43
2016 02 25 01 45
2016 02 25 02 50
2016 02 25 04 34
2016 02 25 09 52
2016 02 25 09 54
2016 02 25 18 14
2016 02 26 11 53
2016 02 26 21 32
2016 02 27 09 49
2016 02 27 20 29
2016 02 28 13 26
2016 02 28 16 41
2016 03 01 00 57
2016 03 01 15 56
2016 03 01 17 43
2016 03 02 06 37
2016 03 02 17 16
2016 03 03 08 48
2016 03 03 08 53
2016 03 03 11 23
2016 03 03 11 47
2016 03 04 00 55
2016 03 04 11 19
2016 03 04 15 14
2016 03 05 08 32
2016 03 05 09 57
2016 03 05 11 21
2016 03 05 14 35
2016 03 05 18 59
2016 03 06 15 57
2016 03 07 04 12
2016 03 07 22 02
2016 03 08 01 07
2016 03 08 10 53
2016 03 08 11 26
2016 03 08 13 02
2016 03 08 18 32
2016 03 09 20 18
2016 03 10 02 02
2016 03 10 10 17
2016 03 11 08 19
2016 03 11 09 58
2016 03 11 17 34
2016 03 12 17 53
2016 03 12 18 40
2016 03 12 21 29
2016 03 13 21 44
2016 03 14 19 42
2016 03 15 04 32
2016 03 15 19 38
2016 03 16 03 44
2016 03 16 15 15
2016 03 16 18 57
2016 03 16 20 24
2016 03 17 07 08
2016 03 17 12 39
2016 03 17 22 26
2016 03 18 05 36
2016 03 18 17 45
2016 03 18 22 35
2016 03 19 00 27
2016 03 19 12 19
2016 03 19 15 49
2016 03 21 04 10
2016 03 21 20 22
2016 03 22 16 05
2016 03 23 00 20
2016 03 23 14 08
2016 03 24 21 12
2016 03 24 22 37
2016 03 26 04 33
2016 03 26 08 24
2016 03 26 12 54
2016 03 26 13 28
2016 03 26 16 02
2016 03 26 18 32
2016 03 27 12 11
2016 03 27 20 12
2016 03 28 08 36
2016 03 28 15 45
2016 04 01 01 52
2016 04 01 05 10
2016 04 02 08 01
2016 04 02 10 55
2016 04 02 12 51
2016 04 02 16 37
2016 04 02 17 16
2016 04 03 11 24
2016 04 03 14 04
2016 04 03 19 17
2016 04 04 01 32
2016 04 04 20 24
2016 04 05 17 58
2016 04 06 03 08
2016 04 06 14 44
2016 04 07 01 15
2016 04 07 03 03
2016 04 07 14 45
2016 04 07 17 29
2016 04 07 21 18
2016 04 08 02 23
2016 04 08 02 47
2016 04 08 04 50
2016 04 08 11 22
2016 04 09 10 53
2016 04 10 13 59
2016 04 10 19 46
2016 04 10 21 09
2016 04 10 22 19
2016 04 11 05 50
2016 04 11 16 15
2016 04 11 17 17
2016 04 12 13 57
2016 04 13 01 34
2016 04 13 07 23
2016 04 13 17 15
2016 04 14 09 25
2016 04 14 16 51
2016 04 14 23 39
2016 04 16 05 26
2016 04 16 05 39
2016 04 16 07 28
2016 04 17 11 29
2016 04 18 15 39
2016 04 18 15 43
2016 04 18 18 00
2016 04 18 23 04
2016 04 19 15 23
2016 04 19 15 54
2016 04 19 18 45
2016 04 19 20 46
2016 04 19 23 53
2016 04 20 05 21
2016 04 21 02 27
2016 04 21 02 53
2016 04 21 19 12
2016 04 22 01 26
2016 04 22 23 39
2016 04 23 04 36
2016 04 23 12 44
2016 04 24 02 11
2016 04 24 21 05
2016 04 25 02 26
2016 04 25 18 31
2016 04 25 19 19
2016 04 26 20 48
2016 04 27 17 02
2016 04 28 03 28
2016 04 28 06 00
2016 04 28 07 00
2016 05 01 00 59
2016 05 01 22 05
2016 05 02 06 29
2016 05 03 11 07
2016 05 03 20 48
2016 05 04 05 52
2016 05 04 10 15
2016 05 04 12 01
2016 05 04 12 55
2016 05 05 04 00
2016 05 05 18 49
2016 05 06 01 31
2016 05 06 07 22
2016 05 06 23 02
2016 05 07 09 42
2016 05 07 20 31
2016 05 08 04 42
2016 05 08 05 19
2016 05 08 08 49
2016 05 08 23 34
2016 05 09 02 03
2016 05 09 02 06
2016 05 09 16 11
2016 05 09 16 17
2016 05 10 16 16
2016 05 10 21 11
2016 05 11 17 10
2016 05 12 09 15
2016 05 12 09 47
2016 05 12 11 34
2016 05 12 17 56
2016 05 13 07 46
2016 05 13 15 17
2016 05 13 20 25
2016 05 14 06 06
2016 05 15 22 35
2016 05 16 13 11
2016 05 16 23 19
2016 05 17 09 57
2016 05 17 10 50
2016 05 17 11 52
2016 05 17 20 20
2016 05 17 20 47
2016 05 18 11 44
2016 05 18 12 16
2016 05 18 14 12
2016 05 18 17 50
2016 05 18 18 43
2016 05 18 21 47
2016 05 19 13 02
2016 05 19 21 02
2016 05 20 04 19
2016 05 20 14 20
2016 05 21 04 55
2016 05 21 06 59
2016 05 21 10 42
2016 05 21 17 42
2016 05 21 22 36
2016 05 22 06 40
2016 05 22 13 26
2016 05 22 19 56
2016 05 23 04 29
2016 05 23 14 30
2016 05 23 15 06
2016 05 24 00 41
2016 05 24 09 23
2016 05 24 10 33
2016 05 25 01 52
2016 05 25 11 20
2016 05 25 14 11
2016 05 25 17 01
2016 05 25 17 31
2016 05 25 18 49
2016 05 25 22 42
2016 05 26 04 57
2016 05 26 12 30
2016 05 26 20 46
2016 05 27 01 35
2016 05 27 15 48
2016 05 28 01 14
2016 05 28 16 05
2016 05 28 17 21
2016 05 28 20 52
2016 05 28 21 22
2016 06 01 08 46
2016 06 01 13 25
2016 06 01 23 48
2016 06 02 06 12
2016 06 03 12 41
2016 06 03 20 37
2016 06 04 00 04
2016 06 04 01 41
2016 06 04 17 11
2016 06 04 22 03
2016 06 05 06 45
2016 06 05 12 22
2016 06 05 13 29
2016 06 05 18 01
2016 06 06 06 10
2016 06 06 08 59
2016 06 06 18 11
2016 06 07 02 43
2016 06 07 09 21
2016 06 07 13 14
2016 06 07 13 30
2016 06 07 17 53
2016 06 07 21 35
2016 06 07 22 48
2016 06 08 05 39
2016 06 08 13 45
2016 06 08 13 56
2016 06 08 14 47
2016 06 09 02 11
2016 06 09 05 30
2016 06 09 07 29
2016 06 09 09 20
2016 06 10 01 35
2016 06 10 02 08
2016 06 10 05 25
2016 06 10 08 33
2016 06 10 19 13
2016 06 11 16 39
2016 06 12 00 51
2016 06 12 02 59
2016 06 12 13 24
2016 06 12 15 36
2016 06 12 17 24
2016 06 13 17 48
2016 06 13 22 07
2016 06 14 06 10
2016 06 14 08 30
2016 06 14 12 53
2016 06 14 21 02
2016 06 15 05 38
2016 06 15 06 27
2016 06 15 08 25
2016 06 15 09 49
2016 06 15 15 10
2016 06 15 19 19
2016 06 15 22 42
2016 06 16 02 10
2016 06 16 09 06
2016 06 16 12 34
2016 06 16 16 01
2016 06 16 20 16
2016 06 16 23 40
2016 06 17 00 14
2016 06 18 02 26
2016 06 18 03 50
2016 06 18 08 59
2016 06 18 13 38
2016 06 18 13 53
2016 06 18 16 17
2016 06 19 01 51
2016 06 19 10 00
2016 06 19 19 49
2016 06 20 08 09
2016 06 20 23 46
2016 06 21 06 21
2016 06 21 09 22
2016 06 21 16 24
2016 06 21 21 06
2016 06 22 06 12
2016 06 23 05 08
2016 06 23 09 48
2016 06 23 22 58
2016 06 24 03 15
2016 06 24 13 57
2016 06 24 23 52
2016 06 26 04 09
2016 06 26 17 51
2016 06 27 09 44
2016 06 27 11 51
2016 06 28 15 01
2016 06 28 15 56
2016 07 01 02 18
2016 07 01 04 03
2016 07 01 18 37
2016 07 02 02 20
2016 07 02 11 32
2016 07 02 20 37
2016 07 04 11 34
2016 07 04 14 03
2016 07 04 16 30
2016 07 04 21 35
2016 07 05 02 04
2016 07 05 03 07
2016 07 05 07 04
2016 07 05 11 12
2016 07 05 11 58
2016 07 06 15 34
2016 07 06 19 28
2016 07 07 00 55
2016 07 07 06 20
2016 07 07 08 50
2016 07 07 15 40
2016 07 08 09 20
2016 07 08 10 04
2016 07 08 13 40
2016 07 08 18 56
2016 07 09 18 01
2016 07 09 19 00
2016 07 10 12 29
2016 07 10 22 45
2016 07 11 08 48
2016 07 11 10 20
2016 07 11 18 34
2016 07 12 09 18
2016 07 12 22 57
2016 07 13 06 36
2016 07 13 17 00
2016 07 14 04 16
2016 07 14 09 00
2016 07 14 13 39
2016 07 14 19 12
2016 07 14 20 05
2016 07 15 17 52
2016 07 15 21 06
2016 07 16 02 49
2016 07 16 22 07
2016 07 16 22 34
2016 07 17 02 53
2016 07 17 09 51
2016 07 17 16 15
2016 07 17 17 52
2016 07 18 17 46
2016 07 18 21 15
2016 07 18 21 20
2016 07 19 14 13
2016 07 19 15 43
2016 07 20 00 50
2016 07 20 02 13
2016 07 20 03 29
2016 07 20 20 17
2016 07 20 23 35
2016 07 21 13 42
2016 07 22 01 14
2016 07 22 13 41
2016 07 22 15 55
2016 07 23 02 36
2016 07 23 04 48
2016 07 23 14 46
2016 07 23 18 11
2016 07 24 04 55
2016 07 24 22 30
2016 07 25 02 43
2016 07 26 07 15
2016 07 26 13 11
2016 07 27 08 08
2016 07 27 15 52
2016 07 27 18 14
2016 07 27 18 53
2016 07 28 02 10
2016 07 28 07 06
2016 08 01 06 44
2016 08 01 17 45
2016 08 02 01 39
2016 08 02 02 56
2016 08 02 09 58
2016 08 02 13 12
2016 08 03 03 55
2016 08 03 07 54
2016 08 03 13 37
2016 08 04 03 01
2016 08 04 07 52
2016 08 04 12 10
2016 08 04 21 08
2016 08 05 03 36
2016 08 05 21 00
2016 08 06 05 46
2016 08 06 07 02
2016 08 06 21 54
2016 08 06 23 13
2016 08 06 23 16
2016 08 07 07 52
2016 08 08 01 58
2016 08 08 03 12
2016 08 08 08 17
2016 08 08 17 17
2016 08 09 02 25
2016 08 09 21 37
2016 08 10 08 14
2016 08 10 14 19
2016 08 10 21 08
2016 08 11 00 00
2016 08 12 03 28
2016 08 12 06 39
2016 08 12 08 23
2016 08 13 03 00
2016 08 13 07 58
2016 08 13 08 30
2016 08 13 11 55
2016 08 14 17 40
2016 08 14 20 31
2016 08 15 01 41
2016 08 15 03 26
2016 08 15 03 47
2016 08 15 22 34
2016 08 16 19 51
2016 08 16 23 40
2016 08 17 07 46
2016 08 17 12 19
2016 08 18 04 33
2016 08 18 05 15
2016 08 18 05 44
2016 08 18 09 11
2016 08 18 10 16
2016 08 18 11 17
2016 08 19 03 45
2016 08 19 05 14
2016 08 19 10 59
2016 08 19 18 58
2016 08 20 13 04
2016 08 20 22 38
2016 08 21 03 47
2016 08 22 02 59
2016 08 22 19 21
2016 08 23 02 54
2016 08 23 03 48
2016 08 23 10 08
2016 08 23 20 54
2016 08 24 05 33
2016 08 24 09 58
2016 08 25 12 31
2016 08 25 12 58
2016 08 25 17 24
2016 08 26 02 47
2016 08 26 05 35
2016 08 26 12 32
2016 08 26 13 11
2016 08 26 13 36
2016 08 26 16 25
2016 08 27 12 45
2016 08 27 18 00
2016 08 27 19 34
2016 08 27 20 37
2016 08 28 05 02
2016 08 28 05 40
2016 08 28 09 00
2016 08 28 20 57
2016 09 01 02 50
2016 09 01 04 22
2016 09 01 05 57
2016 09 01 06 47
2016 09 01 14 09
2016 09 01 16 20
2016 09 02 09 48
2016 09 02 13 11
2016 09 03 01 37
2016 09 03 01 43
2016 09 04 04 21
2016 09 04 10 10
2016 09 04 19 04
2016 09 05 19 17
2016 09 06 04 57
2016 09 06 06 09
2016 09 06 09 11
2016 09 06 22 21
2016 09 07 08 34
2016 09 07 23 29
2016 09 09 00 35
2016 09 09 06 20
2016 09 09 09 45
2016 09 09 11 04
2016 09 09 11 32
2016 09 09 14 14
2016 09 09 17 03
2016 09 10 01 50
2016 09 10 17 31
2016 09 11 06 41
2016 09 11 15 14
2016 09 12 08 00
2016 09 12 20 24
2016 09 12 22 25
2016 09 13 03 45
2016 09 13 15 47
2016 09 13 16 29
2016 09 13 19 05
2016 09 13 23 15
2016 09 13 23 41
2016 09 14 04 19
2016 09 14 04 47
2016 09 14 08 57
2016 09 14 21 13
2016 09 15 10 23
2016 09 16 17 13
2016 09 17 16 01
2016 09 18 13 10
2016 09 18 16 45
2016 09 18 19 40
2016 09 18 19 47
2016 09 19 04 47
2016 09 19 11 21
2016 09 19 19 04
2016 09 20 03 08
2016 09 20 06 09
2016 09 20 20 03
2016 09 20 20 14
2016 09 21 12 24
2016 09 21 16 35
2016 09 21 16 50
2016 09 21 23 19
2016 09 22 07 18
2016 09 22 11 45
2016 09 22 14 32
2016 09 23 04 25
2016 09 23 06 42
2016 09 23 21 39
2016 09 24 02 23
2016 09 24 06 36
2016 09 24 07 08
2016 09 24 14 37
2016 09 24 15 58
2016 09 25 00 26
2016 09 25 04 48
2016 09 25 07 46
2016 09 25 14 08
2016 09 25 21 33
2016 09 25 23 48
2016 09 26 05 00
2016 09 26 06 31
2016 09 26 17 44
2016 09 26 19 30
2016 09 26 23 16
2016 09 27 02 26
2016 09 28 04 42
2016 09 28 15 19
2016 10 01 00 13
2016 10 01 10 28
2016 10 02 00 40
2016 10 02 01 23
2016 10 02 06 29
2016 10 02 07 03
2016 10 02 12 19
2016 10 02 21 51
2016 10 03 00 23
2016 10 03 02 30
2016 10 03 03 35
2016 10 03 10 15
2016 10 03 17 04
2016 10 03 23 35
2016 10 04 07 28
2016 10 04 10 59
2016 10 04 13 49
2016 10 05 23 05
2016 10 06 03 11
2016 10 06 07 49
2016 10 06 09 15
2016 10 06 10 29
2016 10 06 16 43
2016 10 07 01 57
2016 10 07 09 11
2016 10 07 15 12
2016 10 08 12 41
2016 10 08 13 33
2016 10 08 20 57
2016 10 09 01 06
2016 10 09 09 29
2016 10 10 15 37
2016 10 11 00 19
2016 10 11 18 52
2016 10 12 04 52
2016 10 12 23 21
2016 10 12 23 27
2016 10 13 04 26
2016 10 13 12 02
2016 10 14 02 50
2016 10 15 05 20
2016 10 15 06 44
2016 10 15 13 55
2016 10 15 21 31
2016 10 15 23 35
2016 10 16 02 01
2016 10 16 06 27
2016 10 16 06 48
2016 10 16 08 28
2016 10 16 10 54
2016 10 16 11 48
2016 10 16 21 53
2016 10 17 03 51
2016 10 19 01 42
2016 10 19 06 56
2016 10 19 17 50
2016 10 19 18 19
2016 10 19 19 25
2016 10 20 01 17
2016 10 20 02 49
2016 10 20 19 22
2016 10 21 05 40
2016 10 21 05 48
2016 10 21 09 45
2016 10 21 10 04
2016 10 22 00 57
2016 10 22 01 10
2016 10 22 02 42
2016 10 22 09 14
2016 10 22 19 41
2016 10 23 02 53
2016 10 23 10 06
2016 10 23 12 41
2016 10 23 14 38
2016 10 23 18 41
2016 10 24 03 38
2016 10 24 09 29
2016 10 24 10 55
2016 10 24 15 10
2016 10 24 22 34
2016 10 24 23 04
2016 10 25 02 31
2016 10 25 10 24
2016 10 25 13 12
2016 10 25 18 10
2016 10 25 18 57
2016 10 25 22 43
2016 10 26 09 11
2016 10 27 00 48
2016 10 27 01 21
2016 10 27 12 30
2016 10 27 13 11
2016 10 27 13 38
2016 10 27 17 11
2016 10 27 19 57
2016 10 28 02 25
2016 10 28 04 21
2016 10 28 11 13
2016 11 01 03 01
2016 11 01 11 02
2016 11 02 02 56
2016 11 02 20 56
2016 11 02 23 47
2016 11 03 08 00
2016 11 03 08 19
2016 11 04 18 26
2016 11 04 18 39
2016 11 04 23 56
2016 11 05 11 32
2016 11 05 12 01
2016 11 06 19 19
2016 11 06 23 12
2016 11 07 05 02
2016 11 07 06 28
2016 11 07 09 33
2016 11 07 19 01
2016 11 08 01 07
2016 11 08 04 57
2016 11 08 11 44
2016 11 09 01 00
2016 11 09 02 22
2016 11 09 11 26
2016 11 11 06 12
2016 11 11 15 20
2016 11 11 20 25
2016 11 11 22 11
2016 11 12 09 14
2016 11 13 13 55
2016 11 13 20 44
2016 11 14 05 19
2016 11 14 07 06
2016 11 14 21 51
2016 11 14 22 14
2016 11 15 07 09
2016 11 15 09 00
2016 11 15 15 03
2016 11 15 17 56
2016 11 15 21 56
2016 11 16 05 56
2016 11 16 23 01
2016 11 17 02 17
2016 11 17 05 44
2016 11 18 02 30
2016 11 18 05 02
2016 11 18 06 34
2016 11 18 07 10
2016 11 18 07 11
2016 11 18 23 07
2016 11 19 01 16
2016 11 19 03 09
2016 11 19 05 56
2016 11 19 21 11
2016 11 19 22 23
2016 11 20 11 05
2016 11 20 13 03
2016 11 20 14 03
2016 11 20 21 07
2016 11 21 06 02
2016 11 21 15 29
2016 11 21 18 56
2016 11 22 01 37
2016 11 22 09 07
2016 11 22 17 14
2016 11 22 18 08
2016 11 22 18 38
2016 11 22 21 50
2016 11 23 09 19
2016 11 24 02 55
2016 11 25 01 00
2016 11 25 04 02
2016 11 26 04 50
2016 11 26 07 19
2016 11 27 00 58
2016 11 27 02 10
2016 11 27 07 35
2016 11 27 18 35
2016 11 28 20 43
2016 11 28 21 18
2016 12 01 04 02
2016 12 01 09 38
2016 12 01 23 52
2016 12 02 06 35
2016 12 02 07 29
2016 12 02 07 41
2016 12 02 11 49
2016 12 02 21 07
2016 12 03 06 14
2016 12 03 13 28
2016 12 03 20 43
2016 12 04 05 13
2016 12 04 18 20
2016 12 04 19 18
2016 12 05 14 23
2016 12 05 21 00
2016 12 06 07 17
2016 12 06 13 26
2016 12 07 02 53
2016 12 07 10 26
2016 12 07 18 55
2016 12 08 05 38
2016 12 08 06 55
2016 12 08 17 57
2016 12 08 19 23
2016 12 09 01 49
2016 12 09 01 59
2016 12 09 11 12
2016 12 09 13 26
2016 12 09 13 38
2016 12 09 19 19
2016 12 09 23 02
2016 12 09 23 24
2016 12 10 22 52
2016 12 11 12 40
2016 12 11 16 00
2016 12 11 23 14
2016 12 12 21 00
2016 12 13 00 08
2016 12 13 00 46
2016 12 13 01 59
2016 12 13 17 27
2016 12 13 21 20
2016 12 13 21 37
2016 12 14 01 52
2016 12 14 05 55
2016 12 14 06 50
2016 12 14 20 35
2016 12 15 01 31
2016 12 15 02 47
2016 12 15 11 20
2016 12 16 11 03
2016 12 16 11 19
2016 12 17 00 10
2016 12 17 06 16
2016 12 17 08 55
2016 12 17 12 15
2016 12 18 01 03
2016 12 18 02 27
2016 12 18 10 02
2016 12 18 16 56
2016 12 20 10 19
2016 12 20 17 21
2016 12 20 19 17
2016 12 20 21 51
2016 12 20 22 22
2016 12 21 01 04
2016 12 21 07 50
2016 12 21 10 02
2016 12 21 18 09
2016 12 21 21 44
2016 12 21 23 26
2016 12 22 09 46
2016 12 23 01 48
2016 12 23 03 56
2016 12 23 05 10
2016 12 23 16 54
2016 12 23 17 08
2016 12 23 18 00
2016 12 24 02 24
2016 12 24 05 41
2016 12 24 06 45
2016 12 24 09 45
2016 12 24 21 44
2016 12 25 04 31
2016 12 25 18 26
2016 12 26 05 19
2016 12 26 08 06
2016 12 26 09 50
2016 12 26 15 33
2016 12 26 21 38
2016 12 27 02 41
2016 12 27 07 17
