2016 01 01 16 12
2016 01 01 17 11
2016 01 02 03 30
2016 01 02 16 03
2016 01 02 16 43
2016 01 02 19 01
2016 01 02 21 18
2016 01 03 01 15
2016 01 03 06 25
2016 01 03 07 49
2016 01 04 02 40
2016 01 04 04 05
2016 01 04 14 15
2016 01 04 17 24
2016 01 04 19 01
2016 01 05 01 14
2016 01 05 02 35
2016 01 05 19 18
2016 01 06 02 37
2016 01 06 14 16
2016 01 07 17 02
2016 01 07 20 25
2016 01 08 03 27
2016 01 08 08 31
2016 01 08 13 05
2016 01 08 13 21
2016 01 08 16 57
2016 01 09 04 18
2016 01 10 04 43
2016 01 10 15 07
2016 01 11 05 04
2016 01 11 19 29
2016 01 12 12 09
2016 01 12 14 37
2016 01 13 04 22
2016 01 13 18 59
2016 01 14 12 02
2016 01 14 17 46
2016 01 15 04 10
2016 01 15 05 19
2016 01 15 10 28
2016 01 15 12 49
2016 01 15 18 19
2016 01 16 06 52
2016 01 16 07 57
2016 01 16 14 04
2016 01 16 15 13
2016 01 16 19 26
2016 01 17 03 11
2016 01 17 07 20
2016 01 17 16 16
2016 01 18 05 18
2016 01 18 05 31
2016 01 18 06 44
2016 01 18 21 01
2016 01 19 00 40
2016 01 19 13 41
2016 01 19 23 33
2016 01 20 01 52
2016 01 20 01 58
2016 01 20 23 34
2016 01 21 20 34
2016 01 21 21 38
2016 01 22 01 48
2016 01 22 11 22
2016 01 23 05 00
2016 01 23 15 03
2016 01 23 22 07
2016 01 24 04 49
2016 01 24 20 29
2016 01 25 04 01
2016 01 26 06 22
2016 01 27 00 15
2016 01 27 05 16
2016 01 27 18 47
2016 01 28 02 16
2016 01 28 10 17
2016 01 28 21 18
2016 02 01 00 02
2016 02 01 01 15
2016 02 02 03 29
2016 02 02 06 39
2016 02 02 08 54
2016 02 03 03 35
2016 02 03 08 47
2016 02 04 04 55
2016 02 04 10 06
2016 02 04 14 23
2016 02 05 14 15
2016 02 06 15 04
2016 02 07 05 17
2016 02 07 14 02
2016 02 07 20 19
2016 02 08 01 54
2016 02 08 03 38
2016 02 08 06 34
2016 02 08 17 02
2016 02 08 17 12
2016 02 08 23 55
2016 02 09 02 55
2016 02 09 08 28
2016 02 09 21 12
2016 02 10 06 13
2016 02 10 14 30
2016 02 10 16 14
2016 02 10 22 21
2016 02 11 01 22
2016 02 11 11 03
2016 02 11 11 49
2016 02 11 12 06
2016 02 12 03 37
2016 02 12 04 21
2016 02 12 07 38
2016 02 12 13 13
2016 02 12 18 17
2016 02 12 18 22
2016 02 13 07 59
2016 02 13 08 08
2016 02 13 10 22
2016 02 13 12 45
2016 02 13 15 06
2016 02 13 15 30
2016 02 13 22 40
2016 02 14 22 04
2016 02 15 05 27
2016 02 15 10 26
2016 02 15 13 40
2016 02 15 15 08
2016 02 16 04 31
2016 02 16 22 12
2016 02 17 08 36
2016 02 17 13 30
2016 02 17 19 18
2016 02 18 00 49
2016 02 18 04 04
2016 02 18 17 35
2016 02 18 18 35
2016 02 18 23 44
2016 02 19 00 49
2016 02 19 03 39
2016 02 19 08 08
2016 02 19 14 16
2016 02 20 04 48
2016 02 20 08 21
2016 02 20 09 49
2016 02 20 19 41
2016 02 21 01 00
2016 02 21 17 38
2016 02 22 23 32
2016 02 23 00 37
2016 02 23 07 46
2016 02 23 09 31
2016 02 23 18 11
2016 02 23 20 36
2016 02 23 22 35
2016 02 24 06 20
2016 02 24 13 33
2016 02 24 14 16
2016 02 24 19 56
2016 02 25 04 12
2016 02 26 10 02
2016 02 26 21 06
2016 02 27 00 56
2016 02 27 03 06
2016 02 27 06 41
2016 02 27 13 26
2016 02 28 18 11
2016 02 28 21 47
2016 02 28 22 17
2016 03 01 07 37
2016 03 01 12 02
2016 03 02 06 40
2016 03 02 08 54
2016 03 02 16 53
2016 03 02 19 15
2016 03 03 03 13
2016 03 04 01 20
2016 03 04 02 55
2016 03 04 07 44
2016 03 05 03 19
2016 03 05 22 23
2016 03 06 01 34
2016 03 06 03 43
2016 03 06 17 14
2016 03 06 21 45
2016 03 07 11 19
2016 03 07 16 10
2016 03 07 21 26
2016 03 08 04 50
2016 03 08 04 55
2016 03 08 07 51
2016 03 08 09 31
2016 03 09 12 08
2016 03 09 14 25
2016 03 10 04 04
2016 03 10 06 30
2016 03 10 19 38
2016 03 10 19 44
2016 03 10 20 35
2016 03 10 20 41
2016 03 10 21 02
2016 03 10 21 12
2016 03 11 03 14
2016 03 11 09 22
2016 03 11 11 56
2016 03 12 05 07
2016 03 12 12 54
2016 03 13 00 17
2016 03 13 08 38
2016 03 13 23 30
2016 03 15 11 46
2016 03 15 15 56
2016 03 16 04 39
2016 03 16 08 11
2016 03 16 09 16
2016 03 16 23 35
2016 03 17 06 08
2016 03 17 09 09
2016 03 17 18 06
2016 03 17 23 45
2016 03 18 00 02
2016 03 19 01 36
2016 03 19 01 58
2016 03 19 02 51
2016 03 19 03 46
2016 03 20 03 56
2016 03 20 10 04
2016 03 20 17 06
2016 03 20 18 35
2016 03 21 15 41
2016 03 22 10 44
2016 03 22 21 44
2016 03 22 22 24
2016 03 22 22 28
2016 03 23 23 48
2016 03 24 02 13
2016 03 24 08 08
2016 03 25 09 35
2016 03 25 15 58
2016 03 26 06 22
2016 03 26 09 59
2016 03 26 12 40
2016 03 26 13 02
2016 03 26 17 15
2016 03 26 22 48
2016 03 27 20 06
2016 03 27 23 40
2016 03 28 06 21
2016 03 28 06 42
2016 03 28 13 38
2016 04 01 03 15
2016 04 01 17 12
2016 04 02 00 58
2016 04 02 09 23
2016 04 02 21 30
2016 04 03 00 29
2016 04 03 16 47
2016 04 03 21 47
2016 04 04 02 31
2016 04 04 18 39
2016 04 05 06 43
2016 04 05 06 58
2016 04 05 15 19
2016 04 07 01 33
2016 04 07 07 07
2016 04 07 07 54
2016 04 07 08 06
2016 04 08 01 32
2016 04 08 10 08
2016 04 08 21 17
2016 04 08 22 50
2016 04 09 06 11
2016 04 10 00 18
2016 04 10 11 58
2016 04 10 13 18
2016 04 10 21 14
2016 04 11 01 44
2016 04 11 08 55
2016 04 11 20 03
2016 04 12 13 22
2016 04 12 22 49
2016 04 13 18 08
2016 04 13 23 09
2016 04 14 09 42
2016 04 15 01 15
2016 04 15 04 02
2016 04 15 12 05
2016 04 15 16 13
2016 04 15 21 32
2016 04 16 00 35
2016 04 16 01 42
2016 04 16 08 53
2016 04 16 18 52
2016 04 17 07 17
2016 04 17 15 46
2016 04 17 18 06
2016 04 18 18 28
2016 04 18 21 20
2016 04 18 23 09
2016 04 19 04 51
2016 04 19 09 10
2016 04 19 23 25
2016 04 20 14 27
2016 04 20 15 53
2016 04 21 02 25
2016 04 21 07 44
2016 04 22 00 03
2016 04 22 08 20
2016 04 23 10 10
2016 04 23 13 20
2016 04 23 16 13
2016 04 23 23 03
2016 04 23 23 11
2016 04 24 07 19
2016 04 24 10 45
2016 04 25 01 11
2016 04 26 06 23
2016 04 27 11 57
2016 04 27 15 02
2016 04 27 22 47
2016 04 28 09 02
2016 04 28 10 44
2016 04 28 19 35
2016 05 01 08 03
2016 05 01 14 01
2016 05 01 14 59
2016 05 01 16 57
2016 05 01 17 28
2016 05 01 20 03
2016 05 01 20 46
2016 05 02 08 55
2016 05 02 12 04
2016 05 02 15 38
2016 05 03 05 41
2016 05 03 13 10
2016 05 03 15 53
2016 05 03 22 51
2016 05 04 08 41
2016 05 04 19 36
2016 05 04 20 16
2016 05 05 02 43
2016 05 05 03 01
2016 05 05 14 25
2016 05 05 23 20
2016 05 06 02 43
2016 05 06 05 28
2016 05 06 16 00
2016 05 07 19 43
2016 05 07 20 53
2016 05 08 13 12
2016 05 08 20 54
2016 05 08 21 13
2016 05 08 23 53
2016 05 09 02 29
2016 05 09 03 11
2016 05 09 14 00
2016 05 09 14 17
2016 05 09 21 18
2016 05 10 03 47
2016 05 10 09 05
2016 05 11 07 39
2016 05 11 07 53
2016 05 11 11 18
2016 05 11 23 49
2016 05 12 01 21
2016 05 12 12 05
2016 05 12 18 38
2016 05 12 19 13
2016 05 12 22 21
2016 05 12 23 35
2016 05 13 02 56
2016 05 13 03 11
2016 05 13 05 27
2016 05 13 07 17
2016 05 13 07 19
2016 05 13 09 32
2016 05 13 12 42
2016 05 13 13 00
2016 05 13 17 58
2016 05 14 06 05
2016 05 14 06 21
2016 05 14 07 06
2016 05 14 07 33
2016 05 14 17 56
2016 05 15 02 38
2016 05 15 20 09
2016 05 15 22 20
2016 05 15 22 45
2016 05 17 13 03
2016 05 17 18 40
2016 05 19 02 00
2016 05 19 03 03
2016 05 19 10 02
2016 05 19 10 20
2016 05 19 13 11
2016 05 19 15 47
2016 05 20 03 15
2016 05 20 04 04
2016 05 20 20 41
2016 05 21 01 46
2016 05 21 05 16
2016 05 21 07 52
2016 05 21 10 41
2016 05 21 15 28
2016 05 21 16 09
2016 05 22 05 03
2016 05 22 06 55
2016 05 22 17 00
2016 05 22 17 46
2016 05 24 05 33
2016 05 24 05 55
2016 05 24 15 21
2016 05 24 17 50
2016 05 25 04 03
2016 05 25 10 43
2016 05 25 12 47
2016 05 25 23 06
2016 05 26 08 43
2016 05 26 10 45
2016 05 26 23 46
2016 05 27 09 02
2016 05 27 11 06
2016 05 27 11 40
2016 05 28 13 10
2016 06 01 06 38
2016 06 01 12 11
2016 06 02 15 52
2016 06 03 06 53
2016 06 03 18 27
2016 06 03 22 43
2016 06 03 22 54
2016 06 04 02 02
2016 06 04 10 22
2016 06 04 23 55
2016 06 05 06 29
2016 06 06 03 35
2016 06 06 14 43
2016 06 07 03 45
2016 06 07 22 30
2016 06 08 19 45
2016 06 09 22 08
2016 06 10 03 26
2016 06 10 04 32
2016 06 10 09 54
2016 06 10 16 16
2016 06 10 18 35
2016 06 11 07 58
2016 06 11 08 02
2016 06 11 23 37
2016 06 12 08 35
2016 06 12 21 39
2016 06 12 23 53
2016 06 13 00 43
2016 06 14 13 58
2016 06 14 16 33
2016 06 14 23 53
2016 06 15 18 07
2016 06 16 06 03
2016 06 16 07 50
2016 06 17 05 52
2016 06 17 10 25
2016 06 17 22 44
2016 06 17 22 57
2016 06 18 10 49
2016 06 18 12 11
2016 06 19 02 13
2016 06 19 02 16
2016 06 19 05 59
2016 06 20 09 39
2016 06 20 16 35
2016 06 20 22 23
2016 06 21 10 28
2016 06 21 15 29
2016 06 21 15 43
2016 06 21 17 08
2016 06 21 23 35
2016 06 23 07 20
2016 06 23 07 26
2016 06 23 11 41
2016 06 23 13 22
2016 06 23 21 06
2016 06 23 21 32
2016 06 24 06 12
2016 06 24 15 06
2016 06 24 22 38
2016 06 25 06 46
2016 06 25 06 56
2016 06 25 23 31
2016 06 26 11 04
2016 06 26 11 27
2016 06 26 23 33
2016 06 27 03 26
2016 06 27 18 26
2016 06 28 05 36
2016 06 28 13 52
2016 07 01 00 46
2016 07 01 17 24
2016 07 01 20 49
2016 07 02 05 27
2016 07 02 08 54
2016 07 02 14 08
2016 07 03 01 24
2016 07 03 06 16
2016 07 03 07 55
2016 07 03 11 10
2016 07 05 01 59
2016 07 05 17 05
2016 07 07 01 01
2016 07 07 19 07
2016 07 08 08 05
2016 07 09 00 13
2016 07 09 02 54
2016 07 09 10 11
2016 07 10 02 51
2016 07 10 20 32
2016 07 12 00 29
2016 07 13 18 11
2016 07 14 06 45
2016 07 16 05 24
2016 07 16 08 13
2016 07 16 09 17
2016 07 16 09 50
2016 07 16 17 38
2016 07 16 21 14
2016 07 17 19 33
2016 07 18 09 33
2016 07 18 13 20
2016 07 18 21 48
2016 07 19 03 58
2016 07 19 06 54
2016 07 19 12 30
2016 07 20 02 20
2016 07 20 16 53
2016 07 20 17 32
2016 07 20 23 36
2016 07 21 01 45
2016 07 22 04 48
2016 07 22 05 08
2016 07 22 05 16
2016 07 22 08 16
2016 07 22 09 39
2016 07 22 10 25
2016 07 22 12 54
2016 07 22 20 21
2016 07 23 01 28
2016 07 23 01 52
2016 07 23 02 04
2016 07 24 02 00
2016 07 24 07 58
2016 07 25 07 01
2016 07 25 21 44
2016 07 26 20 41
2016 07 27 06 31
2016 07 27 14 05
2016 07 27 17 27
2016 07 28 01 24
2016 07 28 15 25
2016 07 28 18 52
2016 07 28 23 15
2016 08 01 11 46
2016 08 01 18 13
2016 08 02 01 52
2016 08 02 08 16
2016 08 02 10 49
2016 08 02 15 50
2016 08 03 00 20
2016 08 03 02 12
2016 08 03 03 09
2016 08 03 23 48
2016 08 04 06 01
2016 08 04 11 38
2016 08 04 17 36
2016 08 05 00 41
2016 08 05 07 04
2016 08 06 02 03
2016 08 06 21 27
2016 08 06 23 18
2016 08 08 00 54
2016 08 08 07 16
2016 08 08 08 21
2016 08 08 13 07
2016 08 09 04 45
2016 08 09 08 31
2016 08 09 13 33
2016 08 09 17 02
2016 08 10 22 48
2016 08 11 06 10
2016 08 11 12 50
2016 08 11 14 13
2016 08 11 14 29
2016 08 11 16 07
2016 08 11 22 44
2016 08 12 09 28
2016 08 12 15 57
2016 08 13 02 33
2016 08 13 06 28
2016 08 13 12 15
2016 08 13 17 18
2016 08 13 23 38
2016 08 14 03 05
2016 08 14 05 01
2016 08 14 07 03
2016 08 14 08 28
2016 08 14 08 40
2016 08 14 17 45
2016 08 14 19 52
2016 08 15 03 21
2016 08 15 16 46
2016 08 15 22 01
2016 08 16 04 15
2016 08 16 12 42
2016 08 16 14 30
2016 08 16 16 09
2016 08 17 02 11
2016 08 17 02 28
2016 08 17 04 15
2016 08 17 05 32
2016 08 17 14 15
2016 08 17 15 25
2016 08 17 20 41
2016 08 19 02 29
2016 08 19 17 22
2016 08 20 09 18
2016 08 20 10 46
2016 08 20 12 26
2016 08 22 09 06
2016 08 22 18 19
2016 08 23 09 13
2016 08 24 05 21
2016 08 24 05 47
2016 08 24 06 57
2016 08 24 11 43
2016 08 24 23 14
2016 08 24 23 56
2016 08 25 03 43
2016 08 25 06 36
2016 08 25 10 22
2016 08 26 01 01
2016 08 26 05 19
2016 08 26 05 47
2016 08 26 13 18
2016 08 26 16 39
2016 08 27 00 25
2016 08 27 03 36
2016 08 27 05 00
2016 08 27 13 20
2016 08 28 12 00
2016 08 28 14 47
2016 08 28 15 42
2016 08 28 17 49
2016 08 28 19 22
2016 09 01 02 11
2016 09 01 13 36
2016 09 01 17 12
2016 09 02 11 14
2016 09 03 06 35
2016 09 03 19 46
2016 09 04 00 51
2016 09 04 17 47
2016 09 06 06 38
2016 09 06 06 43
2016 09 06 10 22
2016 09 06 18 59
2016 09 07 14 15
2016 09 07 16 16
2016 09 07 22 52
2016 09 08 06 29
2016 09 08 22 32
2016 09 09 06 08
2016 09 10 06 48
2016 09 10 11 22
2016 09 11 10 38
2016 09 11 17 56
2016 09 11 18 01
2016 09 12 22 35
2016 09 13 14 59
2016 09 13 22 02
2016 09 14 06 04
2016 09 14 07 01
2016 09 14 07 28
2016 09 14 11 24
2016 09 14 20 04
2016 09 15 11 40
2016 09 16 07 10
2016 09 16 12 09
2016 09 16 23 33
2016 09 17 05 23
2016 09 17 05 59
2016 09 17 08 27
2016 09 17 13 17
2016 09 17 18 33
2016 09 17 20 03
2016 09 17 22 58
2016 09 18 01 51
2016 09 18 02 50
2016 09 18 05 49
2016 09 18 09 43
2016 09 18 14 31
2016 09 18 17 03
2016 09 19 09 40
2016 09 19 14 57
2016 09 19 16 15
2016 09 19 18 26
2016 09 19 21 00
2016 09 20 01 21
2016 09 20 05 13
2016 09 21 04 24
2016 09 21 12 44
2016 09 21 19 20
2016 09 22 12 06
2016 09 23 03 53
2016 09 23 09 45
2016 09 23 21 44
2016 09 24 21 21
2016 09 24 22 48
2016 09 25 02 16
2016 09 25 02 25
2016 09 25 13 43
2016 09 25 22 16
2016 09 26 13 28
2016 09 26 18 22
2016 09 27 04 59
2016 09 27 07 39
2016 09 27 08 34
2016 09 27 09 57
2016 09 27 12 02
2016 09 28 05 09
2016 09 28 06 00
2016 09 28 10 58
2016 09 28 16 22
2016 09 28 18 30
2016 10 01 01 04
2016 10 01 07 12
2016 10 01 11 11
2016 10 01 12 26
2016 10 01 19 16
2016 10 02 01 16
2016 10 02 07 04
2016 10 02 07 20
2016 10 02 09 24
2016 10 02 10 03
2016 10 02 14 38
2016 10 02 16 52
2016 10 03 05 00
2016 10 04 00 11
2016 10 04 08 55
2016 10 04 10 53
2016 10 04 13 45
2016 10 04 15 57
2016 10 05 02 25
2016 10 06 03 46
2016 10 06 08 52
2016 10 06 23 29
2016 10 07 05 42
2016 10 07 07 21
2016 10 07 09 28
2016 10 07 10 56
2016 10 07 15 25
2016 10 07 16 07
2016 10 08 06 33
2016 10 09 09 11
2016 10 10 07 31
2016 10 10 09 52
2016 10 10 18 12
2016 10 10 19 23
2016 10 11 05 10
2016 10 11 18 43
2016 10 12 02 09
2016 10 12 03 54
2016 10 12 13 38
2016 10 12 13 43
2016 10 12 15 27
2016 10 12 17 36
2016 10 12 19 38
2016 10 13 02 21
2016 10 13 02 24
2016 10 13 09 51
2016 10 13 16 26
2016 10 13 16 59
2016 10 14 20 04
2016 10 15 12 30
2016 10 16 12 39
2016 10 17 04 34
2016 10 17 05 23
2016 10 17 08 20
2016 10 17 17 07
2016 10 18 00 57
2016 10 18 08 04
2016 10 18 08 08
2016 10 18 10 20
2016 10 18 14 10
2016 10 18 16 49
2016 10 18 17 21
2016 10 18 19 50
2016 10 19 05 11
2016 10 19 11 31
2016 10 19 14 46
2016 10 20 20 35
2016 10 20 22 46
2016 10 21 01 35
2016 10 21 09 53
2016 10 21 15 28
2016 10 21 17 28
2016 10 22 17 48
2016 10 23 05 42
2016 10 24 11 13
2016 10 24 16 39
2016 10 25 04 20
2016 10 26 06 23
2016 10 26 08 46
2016 10 26 13 30
2016 10 26 19 35
2016 10 26 23 10
2016 10 27 11 15
2016 10 27 15 08
2016 10 28 02 05
2016 10 28 13 08
2016 10 28 16 08
2016 11 01 06 31
2016 11 01 18 44
2016 11 02 02 28
2016 11 02 13 34
2016 11 02 14 25
2016 11 02 18 05
2016 11 02 22 12
2016 11 03 05 15
2016 11 03 05 47
2016 11 03 13 19
2016 11 03 13 27
2016 11 03 20 19
2016 11 04 00 29
2016 11 04 02 56
2016 11 04 10 28
2016 11 04 13 45
2016 11 04 19 29
2016 11 04 23 06
2016 11 05 02 13
2016 11 05 08 02
2016 11 05 11 44
2016 11 05 18 11
2016 11 06 10 07
2016 11 06 13 05
2016 11 06 13 52
2016 11 06 15 30
2016 11 07 04 59
2016 11 07 17 29
2016 11 08 02 05
2016 11 08 14 52
2016 11 09 10 54
2016 11 09 11 01
2016 11 09 13 45
2016 11 09 19 27
2016 11 09 19 44
2016 11 09 21 56
2016 11 10 18 05
2016 11 12 05 58
2016 11 12 17 12
2016 11 14 00 51
2016 11 14 09 13
2016 11 14 09 45
2016 11 14 20 26
2016 11 14 22 58
2016 11 15 07 16
2016 11 15 16 04
2016 11 15 17 23
2016 11 15 19 42
2016 11 15 20 24
2016 11 15 22 21
2016 11 16 05 43
2016 11 16 12 04
2016 11 16 14 39
2016 11 17 00 25
2016 11 18 05 37
2016 11 18 11 59
2016 11 18 17 03
2016 11 19 02 32
2016 11 19 14 35
2016 11 20 12 18
2016 11 20 16 44
2016 11 21 01 40
2016 11 21 17 49
2016 11 21 19 19
2016 11 21 19 29
2016 11 21 20 14
2016 11 21 20 53
2016 11 22 01 08
2016 11 22 04 12
2016 11 22 06 29
2016 11 22 10 12
2016 11 22 11 29
2016 11 22 19 53
2016 11 23 00 13
2016 11 23 03 32
2016 11 23 04 08
2016 11 23 05 30
2016 11 23 19 37
2016 11 23 21 59
2016 11 24 04 12
2016 11 24 12 59
2016 11 25 00 35
2016 11 25 15 42
2016 11 26 22 03
2016 11 27 00 55
2016 11 27 05 43
2016 11 27 07 56
2016 11 27 16 43
2016 11 28 07 05
2016 11 28 07 59
2016 11 28 13 15
2016 11 28 14 47
2016 12 01 05 07
2016 12 01 09 14
2016 12 01 16 06
2016 12 01 16 59
2016 12 02 02 40
2016 12 02 15 09
2016 12 02 19 01
2016 12 02 21 19
2016 12 03 07 15
2016 12 03 16 37
2016 12 03 18 33
2016 12 03 23 11
2016 12 04 00 38
2016 12 04 00 56
2016 12 04 02 13
2016 12 04 05 41
2016 12 04 14 40
2016 12 04 15 59
2016 12 04 18 18
2016 12 04 18 41
2016 12 05 03 23
2016 12 05 20 33
2016 12 06 03 01
2016 12 06 17 40
2016 12 07 05 07
2016 12 07 07 43
2016 12 07 12 05
2016 12 07 13 21
2016 12 07 22 25
2016 12 08 12 14
2016 12 08 18 13
2016 12 08 19 44
2016 12 08 19 55
2016 12 09 02 50
2016 12 09 11 56
2016 12 10 05 07
2016 12 10 20 28
2016 12 11 04 47
2016 12 11 06 51
2016 12 11 12 40
2016 12 11 20 01
2016 12 12 05 17
2016 12 12 09 41
2016 12 12 10 54
2016 12 12 16 19
2016 12 13 18 26
2016 12 13 21 07
2016 12 14 09 41
2016 12 14 14 11
2016 12 14 20 08
2016 12 15 02 53
2016 12 15 06 09
2016 12 15 21 15
2016 12 15 22 17
2016 12 15 22 21
2016 12 16 00 55
2016 12 16 05 55
2016 12 16 08 43
2016 12 16 12 50
2016 12 18 08 56
2016 12 18 11 57
2016 12 20 02 20
2016 12 20 02 23
2016 12 20 02 57
2016 12 21 01 16
2016 12 21 23 23
2016 12 22 01 04
2016 12 22 06 21
2016 12 23 00 17
2016 12 23 14 11
2016 12 24 11 27
2016 12 24 14 24
2016 12 24 14 27
2016 12 25 09 31
2016 12 25 11 26
2016 12 25 22 55
2016 12 26 07 10
2016 12 26 12 56
2016 12 26 12 58
2016 12 26 21 50
2016 12 27 00 18
2016 12 27 02 19
2016 12 27 03 49
2016 12 27 04 08
2016 12 27 08 30
2016 12 27 21 58
2016 12 27 23 58
2016 12 28 03 28
2016 12 28 13 09
2016 12 28 13 35
