2016 01 01 02 58
2016 01 01 14 35
2016 01 01 15 24
2016 01 02 11 30
2016 01 02 22 56
2016 01 03 04 44
2016 01 04 09 08
2016 01 04 11 59
2016 01 05 00 51
2016 01 06 08 26
2016 01 06 21 12
2016 01 07 04 01
2016 01 07 16 43
2016 01 08 08 32
2016 01 08 14 23
2016 01 08 15 54
2016 01 09 07 04
2016 01 09 16 18
2016 01 09 17 20
2016 01 09 18 12
2016 01 09 19 15
2016 01 10 04 30
2016 01 10 06 22
2016 01 10 09 07
2016 01 10 10 33
2016 01 10 15 39
2016 01 10 20 59
2016 01 10 22 00
2016 01 11 03 40
2016 01 11 05 26
2016 01 11 08 42
2016 01 11 09 47
2016 01 11 12 19
2016 01 11 20 21
2016 01 11 20 50
2016 01 12 01 28
2016 01 12 06 00
2016 01 12 07 49
2016 01 12 09 21
2016 01 12 11 42
2016 01 13 23 49
2016 01 14 03 01
2016 01 14 11 29
2016 01 14 15 49
2016 01 15 09 53
2016 01 15 09 54
2016 01 16 09 47
2016 01 16 13 17
2016 01 16 17 05
2016 01 16 18 19
2016 01 17 01 16
2016 01 17 15 19
2016 01 17 16 26
2016 01 18 19 03
2016 01 19 04 56
2016 01 19 13 44
2016 01 19 19 02
2016 01 20 00 13
2016 01 20 01 28
2016 01 20 09 20
2016 01 21 04 26
2016 01 21 06 44
2016 01 21 08 05
2016 01 21 10 11
2016 01 21 10 40
2016 01 21 16 29
2016 01 22 04 48
2016 01 22 16 23
2016 01 22 23 50
2016 01 23 01 32
2016 01 23 06 00
2016 01 23 10 31
2016 01 24 10 06
2016 01 24 15 35
2016 01 24 19 04
2016 01 24 22 15
2016 01 24 22 28
2016 01 25 05 28
2016 01 25 11 50
2016 01 25 20 52
2016 01 26 00 57
2016 01 26 04 42
2016 01 26 12 30
2016 01 26 13 56
2016 01 27 01 12
2016 01 27 15 19
2016 01 27 15 23
2016 01 27 23 00
2016 01 28 07 51
2016 01 28 20 55
2016 02 01 11 53
2016 02 01 16 52
2016 02 02 01 45
2016 02 02 16 41
2016 02 02 22 16
2016 02 03 12 06
2016 02 04 08 21
2016 02 04 15 40
2016 02 05 00 30
2016 02 05 01 58
2016 02 06 02 28
2016 02 06 10 27
2016 02 06 10 33
2016 02 06 16 56
2016 02 07 03 47
2016 02 07 08 17
2016 02 07 12 32
2016 02 07 13 57
2016 02 07 20 28
2016 02 08 01 28
2016 02 08 02 44
2016 02 08 20 30
2016 02 09 03 47
2016 02 09 04 14
2016 02 09 06 43
2016 02 09 13 02
2016 02 09 13 40
2016 02 09 21 58
2016 02 10 18 24
2016 02 11 02 19
2016 02 11 06 25
2016 02 11 06 56
2016 02 11 18 22
2016 02 11 18 33
2016 02 12 03 50
2016 02 13 11 03
2016 02 14 01 50
2016 02 14 09 58
2016 02 14 15 09
2016 02 15 16 03
2016 02 15 19 13
2016 02 16 05 08
2016 02 16 06 12
2016 02 17 07 33
2016 02 18 01 23
2016 02 18 02 47
2016 02 18 08 32
2016 02 18 12 23
2016 02 19 07 28
2016 02 19 09 03
2016 02 19 14 46
2016 02 19 20 30
2016 02 20 08 08
2016 02 20 13 47
2016 02 20 18 04
2016 02 21 07 06
2016 02 23 00 47
2016 02 23 07 15
2016 02 24 05 57
2016 02 24 19 44
2016 02 24 22 05
2016 02 24 22 32
2016 02 25 13 38
2016 02 25 23 54
2016 02 26 09 29
2016 02 26 18 17
2016 02 28 18 56
2016 03 01 07 35
2016 03 01 15 45
2016 03 02 03 59
2016 03 02 11 59
2016 03 02 21 06
2016 03 02 21 33
2016 03 03 12 57
2016 03 03 18 20
2016 03 04 00 22
2016 03 04 14 34
2016 03 04 17 24
2016 03 04 21 47
2016 03 05 01 48
2016 03 05 03 39
2016 03 05 05 22
2016 03 05 09 12
2016 03 05 10 46
2016 03 05 14 29
2016 03 05 21 53
2016 03 05 22 20
2016 03 06 02 16
2016 03 06 04 23
2016 03 06 10 59
2016 03 06 17 23
2016 03 06 22 49
2016 03 07 04 20
2016 03 07 04 42
2016 03 07 05 18
2016 03 07 07 23
2016 03 07 15 32
2016 03 08 04 25
2016 03 08 10 46
2016 03 08 13 36
2016 03 08 17 28
2016 03 08 18 33
2016 03 09 03 21
2016 03 09 10 47
2016 03 09 11 15
2016 03 09 16 17
2016 03 09 22 51
2016 03 10 03 00
2016 03 10 09 29
2016 03 10 13 01
2016 03 10 16 55
2016 03 10 20 33
2016 03 11 00 25
2016 03 11 08 02
2016 03 12 06 24
2016 03 12 08 33
2016 03 12 12 00
2016 03 12 19 18
2016 03 13 04 36
2016 03 13 08 05
2016 03 13 10 41
2016 03 13 12 21
2016 03 13 16 59
2016 03 14 07 38
2016 03 14 16 18
2016 03 15 05 50
2016 03 15 08 24
2016 03 17 01 05
2016 03 17 01 24
2016 03 17 03 09
2016 03 18 00 53
2016 03 18 03 35
2016 03 18 21 32
2016 03 18 21 46
2016 03 19 02 45
2016 03 19 07 30
2016 03 19 08 29
2016 03 19 09 30
2016 03 20 04 19
2016 03 20 06 48
2016 03 20 10 02
2016 03 20 16 22
2016 03 20 16 45
2016 03 21 05 41
2016 03 22 03 48
2016 03 22 05 03
2016 03 22 09 06
2016 03 22 09 56
2016 03 22 16 09
2016 03 22 20 31
2016 03 22 23 12
2016 03 23 12 41
2016 03 23 20 11
2016 03 23 22 08
2016 03 24 04 00
2016 03 24 06 06
2016 03 24 17 14
2016 03 25 00 09
2016 03 26 03 11
2016 03 26 09 26
2016 03 26 13 57
2016 03 26 19 08
2016 03 26 21 43
2016 03 27 10 31
2016 03 27 11 59
2016 03 27 16 21
2016 03 28 23 04
2016 04 01 02 16
2016 04 01 06 25
2016 04 01 11 19
2016 04 01 17 25
2016 04 02 12 07
2016 04 02 13 57
2016 04 02 20 31
2016 04 03 02 53
2016 04 03 06 32
2016 04 03 17 15
2016 04 04 13 31
2016 04 04 13 44
2016 04 04 15 48
2016 04 04 23 15
2016 04 05 14 28
2016 04 05 17 27
2016 04 05 23 30
2016 04 06 07 23
2016 04 06 20 09
2016 04 07 07 43
2016 04 07 09 26
2016 04 07 22 46
2016 04 08 16 54
2016 04 08 20 26
2016 04 08 20 27
2016 04 09 10 24
2016 04 09 13 19
2016 04 10 12 03
2016 04 10 16 56
2016 04 10 20 26
2016 04 10 20 40
2016 04 12 02 40
2016 04 12 08 03
2016 04 12 18 10
2016 04 12 19 10
2016 04 13 17 21
2016 04 13 20 55
2016 04 14 01 33
2016 04 14 03 22
2016 04 14 07 09
2016 04 14 15 44
2016 04 14 23 11
2016 04 15 06 39
2016 04 16 05 43
2016 04 16 19 11
2016 04 16 22 48
2016 04 17 07 44
2016 04 17 17 54
2016 04 17 19 01
2016 04 18 01 10
2016 04 18 01 34
2016 04 18 11 14
2016 04 18 19 57
2016 04 18 23 27
2016 04 19 08 32
2016 04 19 19 08
2016 04 19 21 02
2016 04 20 01 15
2016 04 20 07 35
2016 04 21 07 51
2016 04 21 22 15
2016 04 22 04 04
2016 04 22 05 28
2016 04 22 06 48
2016 04 22 08 42
2016 04 22 15 21
2016 04 23 16 42
2016 04 24 09 19
2016 04 24 23 00
2016 04 25 05 22
2016 04 25 15 33
2016 04 26 10 05
2016 04 26 21 33
2016 04 27 00 28
2016 04 27 03 30
2016 04 27 10 56
2016 04 27 16 53
2016 04 27 18 22
2016 04 27 21 54
2016 04 27 23 10
2016 04 28 14 27
2016 04 28 20 26
2016 05 01 04 09
2016 05 01 06 21
2016 05 01 07 44
2016 05 01 12 51
2016 05 03 00 24
2016 05 03 19 39
2016 05 04 00 29
2016 05 04 16 54
2016 05 04 20 51
2016 05 05 00 19
2016 05 05 08 10
2016 05 05 09 44
2016 05 05 17 33
2016 05 06 19 06
2016 05 07 00 25
2016 05 08 04 35
2016 05 08 19 34
2016 05 09 05 39
2016 05 09 07 36
2016 05 09 10 37
2016 05 09 18 31
2016 05 09 21 07
2016 05 10 08 22
2016 05 10 17 55
2016 05 11 11 17
2016 05 11 15 30
2016 05 11 17 18
2016 05 11 22 28
2016 05 12 06 32
2016 05 12 21 50
2016 05 12 22 28
2016 05 13 00 02
2016 05 13 06 34
2016 05 13 11 14
2016 05 14 07 05
2016 05 14 13 33
2016 05 15 05 03
2016 05 15 10 20
2016 05 15 11 55
2016 05 15 14 00
2016 05 15 14 47
2016 05 15 17 01
2016 05 15 22 55
2016 05 16 00 19
2016 05 16 02 11
2016 05 16 19 52
2016 05 17 07 51
2016 05 17 08 11
2016 05 17 08 23
2016 05 17 13 12
2016 05 17 20 27
2016 05 17 20 47
2016 05 18 18 45
2016 05 18 21 00
2016 05 19 07 32
2016 05 19 08 58
2016 05 19 10 31
2016 05 20 02 43
2016 05 20 04 57
2016 05 20 05 53
2016 05 20 09 59
2016 05 21 09 25
2016 05 21 11 39
2016 05 21 23 44
2016 05 22 08 27
2016 05 22 11 23
2016 05 22 13 13
2016 05 22 16 22
2016 05 22 22 26
2016 05 22 23 35
2016 05 24 00 16
2016 05 24 02 11
2016 05 24 21 36
2016 05 25 16 02
2016 05 25 17 06
2016 05 25 20 19
2016 05 26 03 31
2016 05 26 07 59
2016 05 26 16 57
2016 05 27 01 28
2016 05 27 05 20
2016 05 27 06 37
2016 06 01 14 57
2016 06 01 18 14
2016 06 01 19 43
2016 06 01 22 27
2016 06 01 22 56
2016 06 02 05 37
2016 06 02 13 47
2016 06 02 15 50
2016 06 02 22 23
2016 06 02 23 27
2016 06 03 00 39
2016 06 03 10 57
2016 06 04 10 48
2016 06 04 16 39
2016 06 04 17 24
2016 06 05 12 59
2016 06 05 15 18
2016 06 05 16 41
2016 06 05 17 49
2016 06 05 21 36
2016 06 06 04 59
2016 06 06 12 44
2016 06 06 14 23
2016 06 06 21 10
2016 06 06 22 46
2016 06 07 04 30
2016 06 07 14 59
2016 06 07 18 11
2016 06 07 22 14
2016 06 08 12 32
2016 06 08 12 33
2016 06 09 09 15
2016 06 09 17 29
2016 06 09 18 39
2016 06 09 21 26
2016 06 10 03 21
2016 06 10 05 36
2016 06 10 08 27
2016 06 10 16 10
2016 06 11 04 22
2016 06 13 03 11
2016 06 13 04 34
2016 06 13 05 04
2016 06 13 12 14
2016 06 13 14 23
2016 06 14 10 22
2016 06 14 16 57
2016 06 14 20 47
2016 06 15 12 51
2016 06 16 09 55
2016 06 16 11 55
2016 06 16 15 16
2016 06 16 22 42
2016 06 17 09 24
2016 06 17 10 01
2016 06 17 16 00
2016 06 18 02 15
2016 06 18 17 43
2016 06 18 21 22
2016 06 19 11 00
2016 06 19 17 30
2016 06 20 03 48
2016 06 20 10 38
2016 06 21 02 11
2016 06 21 11 45
2016 06 21 18 59
2016 06 22 09 31
2016 06 22 10 04
2016 06 22 11 21
2016 06 22 12 03
2016 06 22 17 57
2016 06 23 02 01
2016 06 23 05 48
2016 06 23 19 35
2016 06 24 01 21
2016 06 24 09 20
2016 06 24 14 23
2016 06 25 00 52
2016 06 25 15 41
2016 06 26 14 57
2016 06 26 18 17
2016 06 26 19 51
2016 06 27 04 16
2016 06 27 12 18
2016 06 28 09 17
2016 06 28 15 46
2016 06 28 18 44
2016 06 28 20 13
2016 06 28 22 14
2016 06 28 23 32
2016 07 01 01 35
2016 07 01 05 50
2016 07 01 14 24
2016 07 02 20 22
2016 07 03 00 29
2016 07 03 01 50
2016 07 03 19 48
2016 07 03 20 18
2016 07 03 21 00
2016 07 04 12 57
2016 07 04 16 43
2016 07 05 12 14
2016 07 06 00 02
2016 07 06 00 15
2016 07 06 00 56
2016 07 06 03 33
2016 07 06 03 44
2016 07 06 17 06
2016 07 06 21 51
2016 07 07 06 38
2016 07 07 09 32
2016 07 08 05 31
2016 07 08 08 20
2016 07 08 13 03
2016 07 09 03 56
2016 07 09 16 11
2016 07 09 17 25
2016 07 10 02 22
2016 07 10 06 11
2016 07 10 10 16
2016 07 10 11 41
2016 07 10 14 45
2016 07 10 23 26
2016 07 11 19 38
2016 07 11 21 59
2016 07 12 07 46
2016 07 12 10 15
2016 07 12 13 08
2016 07 13 00 24
2016 07 13 13 07
2016 07 13 18 39
2016 07 13 21 35
2016 07 14 01 49
2016 07 14 07 45
2016 07 14 10 43
2016 07 15 00 49
2016 07 15 06 23
2016 07 15 17 35
2016 07 16 16 09
2016 07 16 16 27
2016 07 17 11 16
2016 07 17 15 51
2016 07 17 20 19
2016 07 19 04 07
2016 07 19 17 46
2016 07 20 02 55
2016 07 20 17 12
2016 07 20 19 12
2016 07 21 11 18
2016 07 21 15 47
2016 07 21 20 18
2016 07 21 22 42
2016 07 22 01 26
2016 07 22 19 04
2016 07 22 22 05
2016 07 23 03 25
2016 07 25 00 02
2016 07 25 06 32
2016 07 25 09 52
2016 07 25 12 37
2016 07 25 13 46
2016 07 25 16 22
2016 07 25 16 58
2016 07 25 21 20
2016 07 26 02 09
2016 07 26 08 05
2016 07 26 19 20
2016 07 27 01 25
2016 07 27 08 27
2016 07 27 11 41
2016 07 28 04 51
2016 07 28 10 03
2016 07 28 10 50
2016 07 28 21 59
2016 08 01 02 48
2016 08 01 08 50
2016 08 01 20 51
2016 08 01 23 22
2016 08 02 03 59
2016 08 03 10 02
2016 08 03 19 41
2016 08 04 09 23
2016 08 04 23 37
2016 08 05 12 21
2016 08 05 14 06
2016 08 06 02 42
2016 08 06 11 30
2016 08 07 16 12
2016 08 08 00 16
2016 08 08 11 02
2016 08 09 06 43
2016 08 09 15 23
2016 08 09 20 04
2016 08 09 21 13
2016 08 09 22 26
2016 08 09 23 33
2016 08 10 04 52
2016 08 10 14 30
2016 08 10 15 09
2016 08 10 23 21
2016 08 11 00 27
2016 08 11 10 49
2016 08 11 18 43
2016 08 12 11 10
2016 08 13 15 03
2016 08 13 18 52
2016 08 13 23 31
2016 08 14 02 54
2016 08 15 13 13
2016 08 15 21 09
2016 08 15 21 21
2016 08 16 01 06
2016 08 16 03 28
2016 08 16 03 48
2016 08 16 06 31
2016 08 16 07 54
2016 08 16 16 55
2016 08 16 22 29
2016 08 17 00 44
2016 08 17 04 47
2016 08 17 07 03
2016 08 18 07 24
2016 08 18 09 10
2016 08 18 10 27
2016 08 18 14 13
2016 08 18 22 00
2016 08 18 23 38
2016 08 18 23 59
2016 08 19 03 47
2016 08 19 08 09
2016 08 19 16 09
2016 08 19 17 41
2016 08 19 23 00
2016 08 19 23 19
2016 08 20 06 06
2016 08 20 14 14
2016 08 20 21 47
2016 08 20 23 21
2016 08 21 08 55
2016 08 21 17 04
2016 08 22 01 25
2016 08 22 04 06
2016 08 23 00 23
2016 08 23 03 36
2016 08 23 03 59
2016 08 23 12 17
2016 08 25 12 26
2016 08 25 12 31
2016 08 25 21 42
2016 08 26 01 53
2016 08 26 03 09
2016 08 26 05 33
2016 08 26 09 03
2016 08 26 09 32
2016 08 26 10 49
2016 08 26 14 30
2016 08 26 21 17
2016 08 27 00 47
2016 08 27 16 57
2016 08 28 10 24
2016 08 28 16 32
2016 08 28 18 24
2016 09 01 01 22
2016 09 01 02 12
2016 09 01 14 13
2016 09 01 22 00
2016 09 01 22 31
2016 09 02 23 04
2016 09 03 10 18
2016 09 03 11 21
2016 09 03 15 04
2016 09 04 01 13
2016 09 04 06 54
2016 09 04 07 12
2016 09 04 12 09
2016 09 04 21 13
2016 09 05 05 44
2016 09 05 07 46
2016 09 05 09 06
2016 09 05 15 34
2016 09 05 19 37
2016 09 05 19 39
2016 09 05 22 08
2016 09 05 23 49
2016 09 06 01 15
2016 09 06 02 30
2016 09 06 05 48
2016 09 07 17 47
2016 09 08 02 35
2016 09 08 11 39
2016 09 09 03 32
2016 09 10 08 37
2016 09 10 15 32
2016 09 11 05 12
2016 09 11 13 16
2016 09 11 16 34
2016 09 11 17 51
2016 09 12 08 15
2016 09 12 17 13
2016 09 13 03 46
2016 09 13 10 27
2016 09 14 05 22
2016 09 14 06 38
2016 09 14 20 53
2016 09 14 21 28
2016 09 15 00 04
2016 09 15 02 32
2016 09 15 06 12
2016 09 15 19 28
2016 09 16 03 37
2016 09 16 08 10
2016 09 16 08 20
2016 09 16 10 29
2016 09 17 10 10
2016 09 17 14 02
2016 09 17 16 15
2016 09 17 18 04
2016 09 18 09 25
2016 09 18 11 21
2016 09 20 00 04
2016 09 20 00 06
2016 09 20 15 11
2016 09 20 15 47
2016 09 21 01 39
2016 09 21 14 01
2016 09 22 00 37
2016 09 22 01 09
2016 09 22 01 39
2016 09 22 18 10
2016 09 23 07 12
2016 09 23 08 30
2016 09 23 15 00
2016 09 24 12 00
2016 09 24 14 40
2016 09 24 16 29
2016 09 24 21 33
2016 09 25 00 26
2016 09 25 13 43
2016 09 25 22 47
2016 09 26 08 03
2016 09 26 16 51
2016 09 26 16 53
2016 09 27 01 04
2016 09 27 12 53
2016 09 28 12 00
2016 09 28 13 06
2016 09 28 17 42
2016 10 01 02 55
2016 10 01 04 31
2016 10 01 08 53
2016 10 01 17 11
2016 10 02 06 13
2016 10 02 13 41
2016 10 02 22 14
2016 10 03 04 50
2016 10 03 13 46
2016 10 04 00 32
2016 10 04 13 45
2016 10 05 19 08
2016 10 06 08 57
2016 10 06 11 35
2016 10 06 16 26
2016 10 07 06 33
2016 10 07 13 26
2016 10 07 13 54
2016 10 07 19 32
2016 10 07 21 51
2016 10 07 22 59
2016 10 08 02 44
2016 10 08 07 57
2016 10 09 14 18
2016 10 09 17 14
2016 10 09 19 15
2016 10 09 21 58
2016 10 10 02 52
2016 10 10 11 08
2016 10 10 19 44
2016 10 10 21 41
2016 10 10 23 54
2016 10 11 00 23
2016 10 11 21 28
2016 10 11 22 41
2016 10 12 07 29
2016 10 12 08 33
2016 10 12 13 02
2016 10 12 14 46
2016 10 12 17 47
2016 10 13 16 51
2016 10 14 10 43
2016 10 14 13 08
2016 10 15 12 05
2016 10 16 05 13
2016 10 16 06 33
2016 10 16 08 52
2016 10 16 21 40
2016 10 17 00 04
2016 10 17 01 12
2016 10 17 06 51
2016 10 17 07 28
2016 10 17 09 47
2016 10 17 13 00
2016 10 18 05 38
2016 10 18 11 47
2016 10 18 16 14
2016 10 19 12 39
2016 10 19 15 34
2016 10 20 06 51
2016 10 20 18 40
2016 10 21 01 51
2016 10 21 15 29
2016 10 22 04 17
2016 10 22 10 22
2016 10 22 12 14
2016 10 22 15 11
2016 10 22 21 41
2016 10 22 22 58
2016 10 22 23 26
2016 10 23 05 45
2016 10 23 07 48
2016 10 24 01 28
2016 10 24 02 06
2016 10 24 03 36
2016 10 24 15 10
2016 10 24 17 55
2016 10 24 20 37
2016 10 24 21 50
2016 10 25 08 32
2016 10 25 10 20
2016 10 25 12 00
2016 10 25 15 15
2016 10 25 15 19
2016 10 26 00 20
2016 10 26 08 24
2016 10 26 11 54
2016 10 26 18 45
2016 10 26 21 47
2016 10 27 03 45
2016 10 27 21 53
2016 10 28 02 00
2016 11 01 06 45
2016 11 01 22 28
2016 11 02 01 38
2016 11 02 09 32
2016 11 02 19 24
2016 11 02 19 58
2016 11 03 08 10
2016 11 03 11 47
2016 11 03 15 58
2016 11 03 15 59
2016 11 04 02 41
2016 11 04 05 27
2016 11 04 18 53
2016 11 05 11 06
2016 11 06 03 22
2016 11 06 06 29
2016 11 06 17 38
2016 11 06 18 23
2016 11 07 07 39
2016 11 07 07 46
2016 11 08 03 52
2016 11 09 07 38
2016 11 11 13 31
2016 11 12 09 05
2016 11 12 09 18
2016 11 12 14 07
2016 11 12 21 40
2016 11 13 05 51
2016 11 13 07 03
2016 11 13 13 21
2016 11 13 16 01
2016 11 13 21 58
2016 11 15 09 46
2016 11 16 00 16
2016 11 16 12 54
2016 11 17 15 48
2016 11 18 13 22
2016 11 18 14 29
2016 11 19 02 11
2016 11 20 00 30
2016 11 20 07 16
2016 11 20 10 02
2016 11 22 20 44
2016 11 23 09 01
2016 11 23 12 47
2016 11 23 14 34
2016 11 23 14 36
2016 11 23 18 28
2016 11 23 19 18
2016 11 24 07 38
2016 11 24 22 43
2016 11 25 09 33
2016 11 25 10 54
2016 11 25 12 21
2016 11 25 15 13
2016 11 26 06 58
2016 11 26 07 05
2016 11 26 10 22
2016 11 26 11 49
2016 11 26 14 59
2016 11 26 16 45
2016 11 26 17 58
2016 11 26 23 14
2016 11 27 07 31
2016 11 28 00 24
2016 11 28 14 18
2016 12 01 11 46
2016 12 01 12 50
2016 12 02 05 17
2016 12 02 09 15
2016 12 02 10 35
2016 12 02 14 14
2016 12 03 05 55
2016 12 03 17 57
2016 12 03 22 58
2016 12 04 15 09
2016 12 05 00 36
2016 12 05 07 11
2016 12 06 15 21
2016 12 06 16 44
2016 12 06 16 55
2016 12 06 17 53
2016 12 06 20 44
2016 12 06 23 49
2016 12 07 00 24
2016 12 07 03 07
2016 12 07 06 13
2016 12 08 02 14
2016 12 09 21 25
2016 12 10 08 19
2016 12 10 13 45
2016 12 10 17 22
2016 12 10 20 09
2016 12 11 21 14
2016 12 12 23 37
2016 12 13 18 32
2016 12 14 05 10
2016 12 14 16 28
2016 12 15 01 39
2016 12 15 22 44
2016 12 16 00 54
2016 12 16 18 41
2016 12 17 00 16
2016 12 17 14 03
2016 12 18 07 59
2016 12 18 09 37
2016 12 20 03 55
2016 12 20 04 10
2016 12 20 04 25
2016 12 20 11 04
2016 12 20 15 30
2016 12 20 20 12
2016 12 21 16 09
2016 12 21 17 08
2016 12 21 22 26
2016 12 22 12 46
2016 12 23 19 51
2016 12 24 08 45
2016 12 24 10 44
2016 12 24 12 03
2016 12 25 04 44
2016 12 25 10 16
2016 12 25 15 28
2016 12 25 18 07
2016 12 25 23 43
2016 12 26 04 13
2016 12 26 04 46
2016 12 26 05 09
2016 12 26 07 19
2016 12 26 07 26
2016 12 26 08 42
2016 12 26 19 03
2016 12 27 03 58
2016 12 27 06 45
2016 12 27 20 22
2016 12 27 23 16
2016 12 28 05 20
2016 12 28 06 01
2016 12 28 14 40
2016 12 28 22 04
